Popescu Ionel
44
0763 332 221
3000
Popescu Ionel
44
0763 332 221
3000
Popescu Ionel
44
0763 332 221
3000
Popescu Ionel
44
0763 332 221
3000
Popescu Ionel
44
0763 332 221
3000
Popescu Ionel
44
0763 332 221
3000
Popescu Ionel
44
0763 332 221
3000
Popescu Ionel
44
0763 332 221
3000
Popescu Ionel
44
0763 332 221
3000
Popescu Ionel
44
0763 332 221
3000
Popescu Ionel
44
0763 332 221
3000
Popescu Ionel
44
0763 332 221
3000
Popescu Ionel
44
0763 332 221
3000
Popescu Ionel
44
0763 332 221
3000
Popescu Ionel
44
0763 332 221
3000
Popescu Ionel
44
0763 332 221
3000
Popescu Ionel
44
0763 332 221
3000
Popescu Ionel
44
0763 332 221
3000
Popescu Ionel
44
0763 332 221
3000
Popescu Ionel
44
0763 332 221
3000
Popescu Ionel
44
0763 332 221
3000
